40|18711|4
41||ANA CAROLINE SILVA DE OLIVEIRA|44469331830||07111995|1|1||1|35|3550308|BRA|0|||||||||||||
42||1307955|||3|4||||012018|0|1|0|0|0|0|0|0|0|0|0|0|||||0||||||0||||||||||||0|||||||0|||||||||3540|0
42||1307954|||1|2||||012018|0|1|0|0|0|0|0|0|0|0|0|0|||||0||||||0||||||||||||0|||||||0|||||||||3620|0
42||1307955|||1|4||||012018|0|1|0|0|0|0|0|0|0|0|0|0|||||0||||||0||||||||||||0|||||||0|||||||||3540|0
41||GUSTAVO BATISTA SIBUYA|44042723837||20112000|0|1||1|35|3550308|BRA|0|||||||||||||
42||1307956|||3|2||||012018|0|1|0|0|0|0|0|0|0|0|0|0|||||0||||||0||||||||||||0|||||||0|||||||||3460|640
41||ANDREZA KETHYLEN BARBOSA DA SILVA|31959538896||04012000|1|0||1|35|3550308|BRA|0|||||||||||||
42||1307955|||1|4||||012018|0|1|0|0|0|0|0|0|0|0|0|0|||||0||||||0||||||||||||0|||||||0|||||||||3540|0
41||LUIS ANTONIO DE FRANCA ALVES|10439270693||21081987|0|0||1|35|3550308|BRA|0|||||||||||||
42||1307954|||3|4||||012018|0|1|0|0|0|0|0|0|0|0|0|0|||||0||||||0||||||||||||0|||||||0|||||||||3620|0
41||VINICIUS CAIAN DE OLIVEIRA SILVA|40947340823||04011991|0|0||1|35|3550308|BRA|0|||||||||||||
42||1307953|||3|4||||012018|0|1|0|0|0|0|0|0|0|0|0|0|||||0||||||0||||||||||||0|||||||0|||||||||3560|0
41||GABRIEL ALBUQUERQUE MORALES|46965279800||01101998|0|1||1|35|3550308|BRA|0|||||||||||||
42||1307955|||3|3||||012018|0|1|0|0|0|0|0|0|0|0|0|0|||||0||||||0||||||||||||0|||||||0|||||||||3540|0
41||ELIAN VITOR DA SILVA RINALDI|43075202894||10072000|0|1||1|35|3523107|BRA|0|||||||||||||
42||1307954|||3|2||||012018|0|1|0|0|0|0|0|0|0|0|0|0|||||0||||||0||||||||||||0|||||||0|||||||||3620|640
41||ROOSEVALDO DE MENESES SANTOS|82935858891||15111956|0|2||1|35|3550308|BRA|0|||||||||||||
42||1307955|||3|2||||012018|0|1|0|0|0|0|0|0|0|0|0|0|||||0||||||0||||||||||||0|||||||0|||||||||3540|640
41||EMANOELA MARIA DE OLIVEIRA|35310730877||21051987|1|0||1||3550308|BRA|0|||||||||||||
42||1307954|||3|4||||012018|0|0|1|0|0|0|0|0|0|0|0|0|||||0||||||0||||||||||||0|||||||0|||||||||3620|0
41||LUCIANO VIEIRA SILVA|14225767876||14111970|0|0||1|35|3550308|BRA|0|||||||||||||
42||1307953|||3|4||||012018|0|0|1|0|0|0|0|0|0|0|0|0|||||0||||||0||||||||||||0|||||||0|||||||||3560|0
41||EDVALDO LUIZ SMARSI|05365654811||19061965|0|0||1|||BRA|0|||||||||||||
42||1307954|||1|4||||012018|0|1|0|0|0|0|0|0|0|0|0|0|||||0||||||0||||||||||||0|||||||0|||||||||3620|0
41||LUCAS LEITE FERREIRA|46636922818||16101999|0|1||1|35|3550308|BRA|0|||||||||||||
42||1307954|||3|3||||012018|0|1|0|0|0|0|0|0|0|0|0|0|||||0||||||0||||||||||||0|||||||0|||||||||3620|280
41||DENISE DE ARAUJO FERNANDES|21663489807||19101979|1|0||1|||BRA|0|||||||||||||
42||1307956|||3|4||||012018|0|1|0|0|0|0|0|0|0|0|0|0|||||0||||||0||||||||||||0|||||||0|||||||||3460|0
41||GISELE DO CARMO CUNHA|33480378838||13091986|1|2||1|35|3550308|BRA|0|||||||||||||
42||1307954|||3|2||||012018|0|1|0|0|0|0|0|0|0|0|0|0|||||0||||||0||||||||||||0|||||||0|||||||||3620|640
41||JOSIEL BEZERRA DOS SANTOS|07756113446||26041991|1|3||1|26|2600807|BRA|0|||||||||||||
42||1307954|||3|2||||012018|0|1|0|0|0|0|0|0|0|0|0|0|||||0||||||0||||||||||||0|||||||0|||||||||3620|640
41||EMERSON CONCEICAO DE NOVAES|42979663875||19011992|0|3||1|29|2933604|BRA|0|||||||||||||
42||1307955|||3|4||||012018|0|1|0|0|0|0|0|0|0|0|0|0|||||0||||||0||||||||||||0|||||||0|||||||||3540|0
41||CAMILA GOMES DOS SANTOS CARDOSO|41061815846||27051991|1|0||1|35|3550308|BRA|0|||||||||||||
42||1307954|||3|4||||012018|0|1|0|0|0|0|0|0|0|0|0|0|||||0||||||0||||||||||||0|||||||0|||||||||3620|0
41||RUI CESAR DE OLIVEIRA CASTILHO|47935085889||29101998|0|0||1|||BRA|0|||||||||||||
42||1307953|||3|4||||012018|0|1|0|0|0|0|0|0|0|0|0|0|||||0||||||0||||||||||||0|||||||0|||||||||3560|0
41||PAULO ROGERIO POLIDO|16471523807||05031976|0|3||1|35|3550308|BRA|0|||||||||||||
42||1307954|||3|4||||012018|0|1|0|0|0|0|0|0|0|0|0|0|||||0||||||0||||||||||||0|||||||0|||||||||3620|200
41||ISAIAS FAGUNDES POLIDO|50983421803||10092000|0|3||1|35|3550308|BRA|0|||||||||||||
42||1307955|||3|4||||012018|0|1|0|0|0|0|0|0|0|0|0|0|||||0||||||0||||||||||||0|||||||0|||||||||3540|0
41||CARLOS ROBERTO LIMA JUNIOR|38404275840||20121987|0|1||1|35|3513801|BRA|0|||||||||||||
42||1307955|||3|2||||012018|0|1|0|0|0|0|0|0|0|0|0|0|||||0||||||0||||||||||||0|||||||0|||||||||3540|0
41||FELIPE MENDES DE LIMA|37793274814||12071989|0|3||1|35|3513801|BRA|0|||||||||||||
42||1307955|||3|2||||012018|0|1|0|0|0|0|0|0|0|0|0|0|||||0||||||0||||||||||||0|||||||0|||||||||3540|0
41||DANILO ROCHA BONFIM|48163223880||08031999|0|2||1|35|3503901|BRA|0|||||||||||||
42||1307954|||3|3||||012018|0|1|0|0|0|0|0|0|0|0|0|0|||||0||||||0||||||||||||0|||||||0|||||||||3620|0
41||JORGE APARECIDO CORREA|16640036819||03021972|0|2||1|35|3550308|BRA|0|||||||||||||
42||1307954|||3|2||||012018|0|1|0|0|0|0|0|0|0|0|0|0|||||0||||||0||||||||||||0|||||||0|||||||||3620|0
41||EDMILSON PEDRO DA SILVA|95197885815||12081953|0|1||1|27|2704203|BRA|0|||||||||||||
42||1307954|||3|2||||012018|0|1|0|0|0|0|0|0|0|0|0|0|||||0||||||0||||||||||||0|||||||0|||||||||3620|0
41||PRISCILA MACEDO DOS SANTOS|35993107855||26101987|0|2||1|35|3550308|BRA|0|||||||||||||
42||1307954|||3|2||||012018|0|1|0|0|0|0|0|0|0|0|0|0|||||0||||||0||||||||||||0|||||||0|||||||||3620|640
41||PALOMA TAIARA DA SILVA LIMA|43369477831||21081994|1|1||1|35|3550308|BRA|0|||||||||||||
42||1307954|||3|4||||012018|0|1|0|0|0|0|0|0|0|0|0|0|||||0||||||0||||||||||||0|||||||0|||||||||3620|0
41||DAVID APARECIDO DE MOURA|36200919860||19121987|0|3||1|35|3550308|BRA|0|||||||||||||
42||1307955|||3|2||||012018|0|1|0|0|0|0|0|0|0|0|0|0|||||0||||||0||||||||||||0|||||||0|||||||||3540|640
41||LUA FRANKLIN SA CORREA|40721338844||11101992|0|2||1|35|3550308|BRA|0|||||||||||||
42||1307955|||3|2||||012018|0|1|0|0|0|0|0|0|0|0|0|0|||||0||||||0||||||||||||0|||||||0|||||||||3540|400
41||MATHEUS RODRIGUES ROSA|45376296814||31031998|0|1||1|35|3522406|BRA|0|||||||||||||
42||1307954|||3|3||||012018|0|1|0|0|0|0|0|0|0|0|0|0|||||0||||||0||||||||||||0|||||||0|||||||||3620|280
41||NILSON MALAGUETA VIEIRA|07520586812||09051965|0|3||1|35|3550308|BRA|0|||||||||||||
42||1307954|||3|3||||012018|0|1|0|0|0|0|0|0|0|0|0|0|||||0||||||0||||||||||||0|||||||0|||||||||3620|140
41||FABIO APARECIDO OLIVEIRA|26312402860||22091976|0|3||1|35|3550308|BRA|0|||||||||||||
42||1307954|||3|2||||012018|0|1|0|0|0|0|0|0|0|0|0|0|||||0||||||0||||||||||||0|||||||0|||||||||3620|640
41||NATAL ROSA|02157261974||21121976|0|0||1|41|4102406|BRA|0|||||||||||||
42||1307954|||3|4||||012018|0|1|0|0|0|0|0|0|0|0|0|0|||||0||||||0||||||||||||0|||||||0|||||||||3620|0
41||JOHNATAS FEITOZA DA SILVA|36978753882||10061989|0|2||1|35|3550308|BRA|0|||||||||||||
42||1307954|||3|2||||012018|0|1|0|0|0|0|0|0|0|0|0|0|||||0||||||0||||||||||||0|||||||0|||||||||3620|640
41||DOUGLAS UCHOA PALIARONI|37422851813||14111990|0|1||1|35|3550308|BRA|0|||||||||||||
42||1307954|||3|2||||012018|0|1|0|0|0|0|0|0|0|0|0|0|||||0||||||0||||||||||||0|||||||0|||||||||3620|500
41||PAULO ANDRE MARTINS RIBEIRO|27703613843||29071977|0|1||1|35|3534401|BRA|0|||||||||||||
42||1307954|||3|2||||012018|0|1|0|0|0|0|0|0|0|0|0|0|||||0||||||0||||||||||||0|||||||0|||||||||3620|280
41||PAULINO SA|23596510805|C00098937|15011981|0|2||1|35|3550308|BRA|0|||||||||||||
42||1307953|||3|2||||012018|0|1|0|0|0|0|0|0|0|0|0|0|||||0||||||0||||||||||||0|||||||0|||||||||3560|0
41||LUCAS DA SILVA NASCIMENTO|23876416809||21122000|0|0||1|35|3550308|BRA|0|||||||||||||
42||1307954|||3|4||||012018|0|1|0|0|0|0|0|0|0|0|0|0|||||0||||||0||||||||||||0|||||||0|||||||||3620|0
41||JOCELIA SALES OLIVEIRA SILVA|06031088819||02071964|1|2||1|35|3550308|BRA|0|||||||||||||
42||1307954|||3|2||||012018|0|1|0|0|0|0|0|0|0|0|0|0|||||0||||||0||||||||||||0|||||||0|||||||||3620|500
41||JOAO CARLOS SANTOS DA SILVA|06124336502||08071993|0|3||1|35|3550308|BRA|0|||||||||||||
42||1307954|||3|2||||012018|0|1|0|0|0|0|0|0|0|0|0|0|||||0||||||0||||||||||||0|||||||0|||||||||3620|640
41||SILVIA NASCIMENTO LAWALL|35174568880||13101987|1|1||1|35|3550308|BRA|0|||||||||||||
42||1307954|||3|4||||012018|0|1|0|0|0|0|0|0|0|0|0|0|||||0||||||0||||||||||||0|||||||0|||||||||3620|0
41||RAQUEL SABINO BELTRAO DA SILVA|47994890890||21031999|1|3||1|35|3550308|BRA|0|||||||||||||
42||1307955|||3|2||||012018|0|1|0|0|0|0|0|0|0|0|0|0|||||0||||||0||||||||||||0|||||||0|||||||||3540|0
41||ADENILTON INACIO PEREIRA|03924151512||26111986|0|1||1|29|2906709|BRA|0|||||||||||||
42||1307954|||3|2||||012018|0|1|0|0|0|0|0|0|0|0|0|0|||||0||||||0||||||||||||0|||||||0|||||||||3620|640
41||FABIANO SANTOS DE JESUS|04306095584||15111987|0|3||1|35|3550308|BRA|0|||||||||||||
42||1307954|||3|2||||012018|0|1|0|0|0|0|0|0|0|0|0|0|||||0||||||0||||||||||||0|||||||0|||||||||3620|640
41||MARCELO CARVALHO MELO|25967919864||30121978|0|1||1|35|3522208|BRA|0|||||||||||||
42||1307952|||3|2||||012018|0|1|0|0|0|0|0|0|0|0|0|0|||||0||||||0||||||||||||0|||||||0|||||||||640|0
41||SAMUEL FERREIRA NUNES DO ROSARIO|41043493808||07051990|0|3||1|35|3550308|BRA|0|||||||||||||
42||1307954|||3|2||||012018|0|1|0|0|0|0|0|0|0|0|0|0|||||0||||||0||||||||||||0|||||||0|||||||||3620|0
41||CARLOS EDUARDO MORALES HERNANDEZ|54807298291||03051981|1|0||1|||COL|0|||||||||||||
42||1307953|||3|4||||012018|0|1|0|0|0|0|0|0|0|0|0|0|||||0||||||0||||||||||||0|||||||0|||||||||3560|0
41||KELVESON OLIVEIRA DO NASCIMENTO|48205687870||24011999|0|3||1|35|3550308|BRA|0|||||||||||||
42||1307954|||3|2||||012018|0|1|0|0|0|0|0|0|0|0|0|0|||||0||||||0||||||||||||0|||||||0|||||||||3620|0
41||EVELYN ANDRADE DA SILVA|46162223809||26032000|1|0||1|35|3550308|BRA|0|||||||||||||
42||1307954|||3|4||||012018|0|1|0|0|0|0|0|0|0|0|0|0|||||0||||||0||||||||||||0|||||||0|||||||||3620|0
41||ANA ROSA DE SOUZA VICENTE|68390769891||01041955|1|3||1|35|3550308|BRA|0|||||||||||||
42||1307954|||3|2||||012018|0|1|0|0|0|0|0|0|0|0|0|0|||||0||||||0||||||||||||0|||||||0|||||||||3620|640
41||RAFAEL BRAGA SILVESTRE DE CARVALHO|35124765895||26091985|0|2||1|35|3550308|BRA|0|||||||||||||
42||1307953|||3|2||||012018|0|1|0|0|0|0|0|0|0|0|0|0|||||0||||||0||||||||||||0|||||||0|||||||||3560|640
41||THALLISSON LAZARO NUNES ODILON|44424661814||15051995|0|3||1|35|3550308|BRA|0|||||||||||||
42||1307955|||3|2||||012018|0|1|0|0|0|0|0|0|0|0|0|0|||||0||||||0||||||||||||0|||||||0|||||||||3540|580
41||VINICIUS LUIZ MENDES DE OLIVEIRA RIBEIRO|36055741814||13081987|0|3||1|35|3550308|BRA|0|||||||||||||
42||1307953|||3|2||||012018|0|1|0|0|0|0|0|0|0|0|0|0|||||0||||||0||||||||||||0|||||||0|||||||||3560|0
41||CRISTIAN SELL DOS SANTOS|08528387941||30081992|0|1||1|42|4211900|BRA|0|||||||||||||
42||1307954|||3|4||||012018|0|1|0|0|0|0|0|0|0|0|0|0|||||0||||||0||||||||||||0|||||||0|||||||||3620|140
41||ERIK DIAS DOS SANTOS|31092707816||30041980|0|1||1|35|3550308|BRA|0|||||||||||||
42||1307954|||3|3||||012018|0|1|0|0|0|0|0|0|0|0|0|0|||||0||||||0||||||||||||0|||||||0|||||||||3620|140
41||RAYARA SOUSA DOS ANJOS|39155664890||13041992|1|3||1|35|3550308|BRA|0|||||||||||||
42||1307954|||3|2||||012018|0|1|0|0|0|0|0|0|0|0|0|0|||||0||||||0||||||||||||0|||||||0|||||||||3620|640
41||MARIA ESTEFANY SOARES DA SILVA|70855612460||15062000|1|3||1|25|2511301|BRA|0|||||||||||||
42||1307954|||3|2||||012018|0|1|0|0|0|0|0|0|0|0|0|0|||||0||||||0||||||||||||0|||||||0|||||||||3620|640
41||SAMUEL LOPES DA SILVA PAIXAO|13883172731||06081991|0|1||1|33|3304557|BRA|0|||||||||||||
42||1307954|||3|2||||012018|0|1|0|0|0|0|0|0|0|0|0|0|||||0||||||0||||||||||||0|||||||0|||||||||3620|220
41||JAELTON DOS SANTOS BARRETO|37648129825||09031987|0|3||1|29|2927408|BRA|0|||||||||||||
42||1307955|||3|2||||012018|0|1|0|0|0|0|0|0|0|0|0|0|||||0||||||0||||||||||||0|||||||0|||||||||3540|580
41||ANDRE FREITAS SANTOS|28344938805||12051979|0|1||1|35|3550308|BRA|0|||||||||||||
42||1307953|||3|2||||012018|0|1|0|0|0|0|0|0|0|0|0|0|||||0||||||0||||||||||||0|||||||0|||||||||3560|640
41||MAEB JOSE DE SANTANA|25421672816||27081973|0|3||1|35|3550308|BRA|0|||||||||||||
42||1307953|||3|2||||012018|0|1|0|0|0|0|0|0|0|0|0|0|||||0||||||0||||||||||||0|||||||0|||||||||3560|0
41||VINICIUS SILVA MARTINS|42231596822||26041995|0|2||1|35|3550308|BRA|0|||||||||||||
42||1307953|||3|2||||012018|0|1|0|0|0|0|0|0|0|0|0|0|||||0||||||0||||||||||||0|||||||0|||||||||3560|640
41||SUZI ELAINE CRISTINA DOS SANTOS|22030608831||29061981|1|2||1|35|3550308|BRA|0|||||||||||||
42||1307953|||3|3||||012018|0|1|0|0|0|0|0|0|0|0|0|0|||||0||||||0||||||||||||0|||||||0|||||||||3560|0
41||WELLINGTON ROBERTO SERAFIM|30413830802||11011982|0|1||1|35|3550308|BRA|0|||||||||||||
42||1307954|||3|2||||012018|0|1|0|0|0|0|0|0|0|0|0|0|||||0||||||0||||||||||||0|||||||0|||||||||3620|640
41||DAVI GABRIEL OLIVEIRA DE SOUSA|31536675865||05021985|0|0||1|35|3550308|BRA|0|||||||||||||
42||1307953|||3|4||||012018|0|1|0|0|0|0|0|0|0|0|0|0|||||0||||||0||||||||||||0|||||||0|||||||||3560|0
41||DANIEL PINHEIRO DE ALMEIDA|35988481884||30051988|0|1||1|35|3550308|BRA|0|||||||||||||
42||1307955|||3|2||||012018|0|1|0|0|0|0|0|0|0|0|0|0|||||0||||||0||||||||||||0|||||||0|||||||||3540|560
41||VIVIANE GOMES DE JESUS|33489281845||02061984|1|2||1|35|3550308|BRA|0|||||||||||||
42||1307954|||3|2||||012018|0|1|0|0|0|0|0|0|0|0|0|0|||||0||||||0||||||||||||0|||||||0|||||||||3620|640
41||WILLIAN SANTOS DE CARVALHO|22132005800||13081981|0|3||1|35|3550308|BRA|0|||||||||||||
42||1307953|||3|3||||012018|0|1|0|0|0|0|0|0|0|0|0|0|||||0||||||0||||||||||||0|||||||0|||||||||3560|0
41||RUDSON DE SIQUEIRA|30845464876||11051983|0|3||1|35|3550308|BRA|0|||||||||||||
42||1307954|||3|2||||012018|0|1|0|0|0|0|0|0|0|0|0|0|||||0||||||0||||||||||||0|||||||0|||||||||3620|0
41||FELISMINO JOAO FERNANDES|23479325866||20031981|0|0||1||||0|||||||||||||
42||1307952|||3|4||||012018|0|1|0|0|0|0|0|0|0|0|0|0|||||0||||||0||||||||||||0|||||||0|||||||||640|0
41||ALAN ERIC DOS SANTOS|35148108851||14021984|0|0||1|35|3550308|BRA|0|||||||||||||
42||1307953|||3|4||||012018|0|1|0|0|0|0|0|0|0|0|0|0|||||0||||||0||||||||||||0|||||||0|||||||||3560|0
41||EDSON BORGES DOS SANTOS|35167125898||13121986|0|3||1|35|3550308|BRA|0|||||||||||||
42||1307954|||3|2||||012018|0|1|0|0|0|0|0|0|0|0|0|0|||||0||||||0||||||||||||0|||||||0|||||||||3620|0
41||LUIZ HENRIQUE DE FREITAS|37608993820||25091987|0|3||1|35|3550308|BRA|0|||||||||||||
42||1307954|||3|2||||012018|0|1|0|0|0|0|0|0|0|0|0|0|||||0||||||0||||||||||||0|||||||0|||||||||3620|500
41||VICTOR DE LUKY MATEUS|39086961860||04021992|0|2||1|35|3518800|BRA|0|||||||||||||
42||1307953|||3|2||||012018|0|1|0|0|0|0|0|0|0|0|0|0|||||0||||||0||||||||||||0|||||||0|||||||||3560|420
41||FELIPE DOS SANTOS MORAIS|22439507822||29121983|0|3||1|35|3550308|BRA|0|||||||||||||
42||1307954|||3|2||||012018|0|1|0|0|0|0|0|0|0|0|0|0|||||0||||||0||||||||||||0|||||||0|||||||||3620|280
41||MARCOS ROBERTO FRANCO|13654289827||16041970|0|3||1|35|3550308|BRA|0|||||||||||||
42||1307955|||3|2||||012018|0|1|0|0|0|0|0|0|0|0|0|0|||||0||||||0||||||||||||0|||||||0|||||||||3540|640
41||GUILHERME FARIAS DONATO|51306389801||08052000|0|3||1|35|3550308|BRA|0|||||||||||||
42||1307954|||3|2||||012018|0|1|0|0|0|0|0|0|0|0|0|0|||||0||||||0||||||||||||0|||||||0|||||||||3620|560
41||ANDERSON RICARDO BLANC|24700562846||10041975|0|1||1|35|3518800|BRA|0|||||||||||||
42||1307952|||3|3||||012018|0|1|0|0|0|0|0|0|0|0|0|0|||||0||||||0||||||||||||0|||||||0|||||||||640|280
41||EDVALDO MARCIANO RODRIGUES|25951849896||08011979|0|0||1|35|3550308|BRA|0|||||||||||||
42||1307954|||3|4||||012018|0|1|0|0|0|0|0|0|0|0|0|0|||||0||||||0||||||||||||0|||||||0|||||||||3620|0
41||RODRIGO DOMINGOS FARIA|23958907822||17081994|0|2||1||3550308|AGO|0|||||||||||||
42||1307952|||3|2||||012018|0|1|0|0|0|0|0|0|0|0|0|0|||||0||||||0||||||||||||0|||||||0|||||||||640|0
41||JEFFERSON ANTONIO BONFIM LOPES|43344480898||27051995|0|3||1|35|3550308|BRA|0|||||||||||||
42||1307956|||3|2||||012018|0|1|0|0|0|0|0|0|0|0|0|0|||||0||||||0||||||||||||0|||||||0|||||||||3460|240
41||MARTA GONCALVES|07559873812||27071965|1|3||1|35|3511102|BRA|0|||||||||||||
42||1307954|||3|2||||012018|0|1|0|0|0|0|0|0|0|0|0|0|||||0||||||0||||||||||||0|||||||0|||||||||3620|280
41||SAMUEL ALEX DO NASCIMENTO MENDES|60816442355||01121995|0|3||1|23|2307650|BRA|0|||||||||||||
42||1307953|||3|4||||012018|0|1|0|0|0|0|0|0|0|0|0|0|||||0||||||0||||||||||||0|||||||0|||||||||3560|0
41||RENAN NIVALDO DA SILVA CORTEZ|37371000803||21111988|0|0||1|35|3550308|BRA|0|||||||||||||
42||1307953|||3|4||||012018|0|1|0|0|0|0|0|0|0|0|0|0|||||0||||||0||||||||||||0|||||||0|||||||||3560|0
41||KATHYA LINELLY ALVES TAVARES|07626705416||12051989|0|1||1|24|2409308|BRA|0|||||||||||||
42||1307954|||3|2||||012018|0|1|0|0|0|0|0|0|0|0|0|0|||||0||||||0||||||||||||0|||||||0|||||||||3620|580
41||RICARDO FRANCISCO DE ARAUJO|17126472889||08111975|0|3||1|35|3550308|BRA|0|||||||||||||
42||1307954|||3|2||||012018|0|1|0|0|0|0|0|0|0|0|0|0|||||0||||||0||||||||||||0|||||||0|||||||||3620|640
41||GABRIELA FARIA GUTIERREZ|41084122812||24101991|1|1||1|35|3550308|BRA|0|||||||||||||
42||1307954|||3|4||||022018|0|1|0|0|0|0|0|0|0|0|0|0|||||0||||||0||||||||||||0|||||||0|||||||||3620|0
41||LUCAS DA SILVA|35215904880||02081996|0|0||1|||BRA|0|||||||||||||
42||1307953|||3|4||||022018|0|1|0|0|0|0|0|0|0|0|0|0|||||0||||||0||||||||||||0|||||||0|||||||||3560|0
41||ISABEL AMORIM LAUREANO|48113929819||18052000|1|3||1|35|3550308|BRA|0|||||||||||||
42||1307954|||3|3||||022018|0|0|1|0|0|0|0|0|0|0|0|0|||||0||||||1|0|0|0|0|0|1|0|0|0|0|0|0|||||||0|||||||||3620|0
41||DAVID LEITE|38704202864||24041989|0|3||1|35|3529401|BRA|0|||||||||||||
42||1307952|||3|4||||022018|0|1|0|0|0|0|0|0|0|0|0|0|||||0||||||0||||||||||||0|||||||0|||||||||640|0
41||JOSIAS VICENTE SILVA|39404780839||02031992|0|0||1|35|3550308|BRA|0|||||||||||||
42||1307952|||3|4||||022018|0|1|0|0|0|0|0|0|0|0|0|0|||||0||||||0||||||||||||0|||||||0|||||||||640|0