40|1053|4
41||MILTON SENA EVANGELISTA|89803612549||02051972|0|3||1|29|2910800|BRA|0|||||||||||||
42||80080|||3|4||||022018|0|1|0|0|0|0|0|0|0|0|0|0|||||0||||||0||||||||||||0|||||||0|||||||||3860|0
41||NATALHA SENA CERQUEIRA ASSIS|08901450593||29102001|1|3||1|29|2910800|BRA|0|||||||||||||
42||5000996|||3|2||||022018|0|0|1|0|0|0|0|0|0|0|0|0|||||0||||||0||||||||||||0|||||||0|||||||||3800|340
41||ILANA CAREN CARVALHO JESUS|06713514510||31071995|1|3||1|29|2908903|BRA|0|||||||||||||
42||25014|||3|2||||022018|0|0|1|0|0|0|0|0|0|0|0|0|||||0||||||1|1|0|0|0|0|0|0|0|0|0|0|0|||||||0|||||||||3000|0
41||ODILON MURILO SOUZA DOS SANTOS|00896522580||22081982|0|3||1|29|2914000|BRA|0|||||||||||||
42||5000996|||3|2||||022018|0|0|1|0|0|0|0|0|0|0|0|0|||||0||||||1|1|0|0|0|0|0|0|0|0|0|0|0|||||||0|||||||||3800|340
41||TULIO SALVINO DE SOUZA LIMA|86152284503||04031997|0|3||1|29|2910800|BRA|0|||||||||||||
42||87276|||3|2||||022018|0|0|0|0|0|0|0|0|0|1|0|0|||||0||||||0||||||||||||0|||||||0|||||||||3380|1320
41||ANDRESSA SANTOS SOUSA ARAUJO|08568512569||12101999|1|3||1|29|2910800|BRA|0|||||||||||||
42||112532|||1|2||||022018|0|1|0|0|0|0|0|0|0|0|0|0|||||0||||||0||||||||||||0|||||||0|||||||||4120|380
41||CRISLA LUIZA BORGES SILVA|01690941545||24071995|0|2||1|29|2914604|BRA|0|||||||||||||
42||80080|||3|2||||022018|0|0|1|0|0|0|0|0|0|0|0|0|||||0||||||1|1|0|0|0|0|0|0|0|0|0|0|0|||||||0|||||||||3860|280
41||JADSON RODRIGUES DE SOUZA|00745280501||24051982|0|3||1|29|2906006|BRA|0|||||||||||||
42||5000996|||3|2||||022018|0|0|0|0|0|0|0|0|0|1|0|0|||||0||||||0||||||||||||0|||||||0|||||||||4040|1860
41||AIESKA LUANA DA SILVA SANTOS|03346911500||04011987|1|3||1|29|2910800|BRA|0|||||||||||||
42||5000996|||3|4||||022018|0|0|1|0|0|0|0|0|0|0|0|0|||||0||||||0||||||||||||0|||||||0|||||||||3800|0
41||GILVAN ALVES SANTOS|29533619520||05121964|0|3||1|26|2610707|BRA|0|||||||||||||
42||5000996|||3|2||||022018|0|0|0|0|0|0|0|0|0|1|0|0|||||0||||||0||||||||||||0|||||||0|||||||||3800|0
41||CARLOS ALENCAR DA SILVA SANTOS|03809712590||03041994|0|3||1|29|2901007|BRA|0|||||||||||||
42||5001000|||3|2||||022018|0|0|1|0|0|0|0|0|0|0|0|0|||||0||||||0||||||||||||0|||||||0|||||||||2960|40
41||GILMAR SAMPAIO MACIEL|05624847521||03021997|0|3||1|29|2910800|BRA|0|||||||||||||
42||5001000|||3|2||||022018|0|0|1|0|0|0|0|0|0|0|0|0|||||0||||||0||||||||||||0|||||||0|||||||||2960|360
41||LINCON MACIEL OLIVEIRA|06691999584||07101996|0|3||1|29|2910800|BRA|0|||||||||||||
42||69062|||1|2||||022018|0|0|0|0|0|0|0|0|0|1|0|0|||||0||||||0||||||||||||0|||||||0|||||||||3800|780
41||LORENA DA SILVA CHAGAS|86146611506||06021998|1|3||1|29|2930501|BRA|0|||||||||||||
42||1322700|||3|2||||022018|0|0|1|0|0|0|0|0|0|0|0|0|||||0||||||0||||||||||||0|||||||0|||||||||4340|220
41||JAILANE FERREIRA DE SANTANA SANTOS|83944761553||01121997|1|3||1|29|2910800|BRA|0|||||||||||||
42||101842|||1|2||||022018|0|1|0|0|0|0|0|0|0|0|0|0|||||0||||||0||||||||||||0|||||||0|||||||||3900|300
41||WELLINGTON DOS ANJOS PEREIRA|81957734515||10011999|0|3||1|29|2910800|BRA|0|||||||||||||
42||5000996|||3|2||||022018|0|1|0|0|0|0|0|0|0|0|0|0|||||0||||||0||||||||||||0|||||||0|||||||||3800|300
41||AMECIO LUIZ SANTOS DE OLIVEIRA|05938097509||25011993|0|3||1|29|2908408|BRA|0|||||||||||||
42||5000996|||3|2||||022018|0|0|0|0|0|0|0|0|0|1|0|0|||||0||||||1|1|0|0|0|0|0|0|0|0|0|0|0|||||||0|||||||||3800|440
41||MONIQUE FERREIRA NOGUEIRA|01556600550||16031986|1|3||1|29|2910800|BRA|0|||||||||||||
42||5000996|||3|4||||022018|0|0|0|0|0|0|0|0|0|1|0|0|||||0||||||0||||||||||||0|||||||0|||||||||3800|0
41||MARCIO SANTIAGO LIMA|06914120579||09021997|0|3||1|29|2910800|BRA|0|||||||||||||
42||5000996|||3|2||||022018|0|0|1|0|0|0|0|0|0|0|0|0|||||0||||||0||||||||||||0|||||||0|||||||||3800|340
41||IELLI MACHADO SILVA|07827294529||19101997|1|1||1|29|2914000|BRA|0|||||||||||||
42||5000996|||3|2||||022018|0|0|1|0|0|0|0|0|0|0|0|0|||||0||||||0||||||||||||0|||||||0|||||||||3800|0
41||LUCIANO DE OLIVEIRA SANTOS|86118394555||22051996|0|3||1|29|2910800|BRA|0|||||||||||||
42||5000996|||3|2||||022018|0|0|0|0|0|0|0|0|0|1|0|0|||||0||||||0||||||||||||0|||||||0|||||||||4040|1120
41||JOAO GUSTAVO VAZ BARRETO|02401494596||27101985|0|3||1|29|2910800|BRA|0|||||||||||||
42||5001000|||3|2||||022018|0|0|0|0|0|0|0|0|0|1|0|0|||||0||||||0||||||||||||0|||||||0|||||||||2960|1740
41||THAIS RODRIGUES ALVES|06129143303||12041996|1|3||1|29|2910800|BRA|0|||||||||||||
42||25014|||3|4||||022018|0|0|1|0|0|0|0|0|0|0|0|0|||||0||||||0||||||||||||0|||||||0|||||||||3000|0
41||LEANDRO LUIZ MOREIRA SANTOS|07594027523||06081998|0|3||1|29|2910800|BRA|0|||||||||||||
42||18077|||3|2||||022018|0|0|1|0|0|0|0|0|0|0|0|0|||||0||||||0||||||||||||0|||||||0|||||||||3000|0
41||LAIS DE SOUZA PACHECO|04281494561||12011993|1|3||1|29|2910800|BRA|0|||||||||||||
42||25014|||3|2||||022018|0|0|1|0|0|0|0|0|0|0|0|0|||||0||||||1|1|0|0|0|0|0|0|0|0|0|0|0|||||||0|||||||||3000|0
41||FABRICIO DE OLIVEIRA MACEDO|04595819536||09111991|0|3||1|35|3550308|BRA|0|||||||||||||
42||69062|||3|2||||022018|0|1|0|0|0|0|0|0|0|0|0|0|||||0||||||0||||||||||||0|||||||0|||||||||3800|280
41||EDMILSON DE SOUZA COSTA JUNIOR|04316684507||28101989|0|3||1|29|2910800|BRA|0|||||||||||||
42||5001000|||3|2||||022018|0|0|0|0|0|0|0|0|0|1|0|0|||||0||||||0||||||||||||0|||||||0|||||||||2960|400
41||FELIPE SOUZA DOS SANTOS|08153749501||24102000|0|1||1|29|2910800|BRA|0|||||||||||||
42||25014|||3|4||||022018|0|0|1|0|0|0|0|0|0|0|0|0|||||0||||||0||||||||||||0|||||||0|||||||||3000|0
41||CLEONICE SILVA MARQUES|06122171590||02061993|1|2||1|29|2910800|BRA|0|||||||||||||
42||101840|||3|4||||022018|0|0|1|0|0|0|0|0|0|0|0|0|||||0||||||0||||||||||||0|||||||0|||||||||3270|0
41||PATRICIA NASCIMENTO DOS SANTOS|85908791512||12051999|1|2||1|29|2910800|BRA|0|||||||||||||
42||101842|||1|2||||022018|0|0|1|0|0|0|0|0|0|0|0|0|||||0||||||0||||||||||||0|||||||0|||||||||3900|0
41||JESSICA VICENTE MURICY|08577164500||12051999|1|3||1|29|2910800|BRA|0|||||||||||||
42||101842|||1|2||||022018|0|0|1|0|0|0|0|0|0|0|0|0|||||0||||||0||||||||||||0|||||||0|||||||||3900|280
41||DEISE BENN PEREIRA VIVAS|84374403515||22121987|1|0||1|29|2910800|BRA|0|||||||||||||
42||80080|||3|4||||022018|0|0|0|0|0|0|0|0|0|1|0|0|||||0||||||0||||||||||||0|||||||0|||||||||3860|0
41||ADRIANO DOS SANTOS CARVALHO|04526207594||20051992|0|3||1|29|2908200|BRA|0|||||||||||||
42||5001000|||3|2||||022018|0|0|1|0|0|0|0|0|0|0|0|0|||||0||||||0||||||||||||0|||||||0|||||||||2960|40
41||MAELY LEAL SANTANA SILVA|07434252510||04091996|1|3||1|29|2910800|BRA|0|||||||||||||
42||101842|||3|4||||022018|0|0|0|0|0|0|0|0|0|1|0|0|||||0||||||0||||||||||||0|||||||0|||||||||3880|240
41||RITA DE CASSIA SANTOS SANTANA|07560624545||04081998|1|3||1|29|2931905|BRA|0|||||||||||||
42||80080|||3|2||||022018|0|0|1|0|0|0|0|0|0|0|0|0|||||0||||||1|1|0|0|0|0|0|0|0|0|0|0|0|||||||0|||||||||3860|120
41||LAURA CRISLANY SILVA BARBOSA|08419385557||17061998|1|3||1|29|2910800|BRA|0|||||||||||||
42||101842|||1|4||||022018|0|1|0|0|0|0|0|0|0|0|0|0|||||0||||||0||||||||||||0|||||||0|||||||||3900|40
41||DALINE FREITAS SILVA MAGALHAES|00577947583||20071980|1|3||1|29|2910800|BRA|0|||||||||||||
42||69062|||3|2||||022018|0|0|1|0|0|0|0|0|0|0|0|0|||||0||||||0||||||||||||0|||||||0|||||||||3800|360
41||ANA CAROLINA ARAUJO SILVA|04953694465||12021982|1|3||1|26|2611606|BRA|0|||||||||||||
42||80080|||3|2||||022018|0|0|0|0|0|0|0|0|0|1|0|0|||||0||||||1|1|0|0|0|0|0|0|0|0|0|0|0|||||||0|||||||||4000|3600
41||EUDA LIMA DOS SANTOS|00241061512||11041973|1|3||1|29|2910800|BRA|0|||||||||||||
42||101840|||3|4||||022018|0|0|0|0|0|0|0|0|0|1|0|0|||||0||||||0||||||||||||0|||||||0|||||||||3270|0
41||INGRID DOS SANTOS BACELLAR|04356189540||16071990|1|3||1|29|2910800|BRA|0|||||||||||||
42||101840|||3|4||||022018|0|0|0|0|0|0|0|0|0|1|0|0|||||0||||||0||||||||||||0|||||||0|||||||||3270|0
41||JAMERSON DE ALMEIDA SILVA|08542349504||03061999|0|3||1|29|2908408|BRA|0|||||||||||||
42||1260546|||3|2||||022018|0|0|1|0|0|0|0|0|0|0|0|0|||||0||||||1|1|0|0|0|0|0|0|0|0|0|0|0|||||||0|||||||||3180|420
41||JULIANA BEZERRA PIMENTEL|06995759583||11111998|1|3||1|29|2927408|BRA|0|||||||||||||
42||69062|||3|2||||022018|0|0|1|0|0|0|0|0|0|0|0|0|||||0||||||0||||||||||||0|||||||0|||||||||3800|320
41||BARBARA FERREIRA DE SANTANA DOS SANTOS|01354951565||23011984|1|3||1|29|2910800|BRA|0|||||||||||||
42||1322700|||3|4||||022018|0|0|1|0|0|0|0|0|0|0|0|0|||||0||||||0||||||||||||0|||||||0|||||||||4340|0
41||MATHEUS DA SILVA PAIM SANTOS|05692790548||23081993|0|3||1|29|2910800|BRA|0|||||||||||||
42||53331|||3|4||||022018|0|0|1|0|0|0|0|0|0|0|0|0|||||0||||||1|1|0|0|0|0|0|0|0|0|0|0|0|||||||0|||||||||2840|0
41||DEIVID PEDREIRA COUTINHO DA SILVA|07737674527||02031999|0|3||1|29|2908408|BRA|0|||||||||||||
42||1303390|||4|2||||022018|0|0|1|0|0|0|0|0|0|0|0|0|||||0||||||1|1|0|0|0|0|0|0|0|0|0|0|0|||||||0|||||||||4320|320
41||MARIA JOSE DOS SANTOS NETA|07459639516||14121996|1|0||1|29|2926301|BRA|0|||||||||||||
42||25014|||3|4||||022018|0|0|1|0|0|0|0|0|0|0|0|0|||||0||||||0||||||||||||0|||||||0|||||||||3000|0
41||HIAGO PORTINHO DOS SANTOS COSTA|05251195583||22051992|0|3||1|29|2910800|BRA|0|||||||||||||
42||112532|||1|2||||022018|0|0|1|0|0|0|0|0|0|0|0|0|||||0||||||1|1|0|0|0|0|0|0|0|0|0|0|0|||||||0|||||||||4120|300
41||ALESSANDRO ALMEIDA SOUZA|03791659537||21071990|0|3||1|29|2910800|BRA|0|||||||||||||
42||53331|||3|2||||022018|0|0|1|0|0|0|0|0|0|0|0|0|||||0||||||1|1|0|0|0|0|0|0|0|0|0|0|0|||||||0|||||||||2840|360
41||POLIANA FERREIRA PIANCO|02736006569||29061988|1|3||1|29|2910800|BRA|0|||||||||||||
42||1303390|||4|2||||022018|0|0|1|0|0|0|0|0|0|0|0|0|||||0||||||1|1|0|0|0|0|0|0|0|0|0|0|0|||||||0|||||||||4320|100
41||MAURICIO ARAUJO RIOS|06001639540||25091997|0|1||1|29|2910800|BRA|0|||||||||||||
42||5001000|||3|2||||022018|0|0|1|0|0|0|0|0|0|0|0|0|||||0||||||1|0|0|0|0|0|1|0|0|0|0|0|0|||||||0|||||||||2960|360
41||ALESSANDRA DIAS DE SOUZA SILVA|06794118521||12081995|1|3||1|29|2910800|BRA|0|||||||||||||
42||69062|||3|2||||022018|0|0|1|0|0|0|0|0|0|0|0|0|||||0||||||0||||||||||||0|||||||0|||||||||3800|280
41||IASMIN DE OLIVEIRA NOVAES TEIXEIRA|05884467508||17061994|1|3||1|29|2910800|BRA|0|||||||||||||
42||25014|||3|2||||022018|0|1|0|0|0|0|0|0|0|0|0|0|||||0||||||0||||||||||||0|||||||0|||||||||3000|300
41||JAQUELINE MEIRA CARVALHO|04912319546||06041994|1|3||1|27|2700300|BRA|0|||||||||||||
42||1303390|||4|2||||022018|0|0|0|0|0|0|0|0|0|1|0|0|||||0||||||0||||||||||||0|||||||0|||||||||4320|2160
41||RANIELE MOURA DE CARVALHO|06752949590||19111997|1|3||1|29|2902104|BRA|0|||||||||||||
42||1322700|||3|2||||022018|0|1|0|0|0|0|0|0|0|0|0|0|||||0||||||0||||||||||||0|||||||0|||||||||4300|420
41||GISELE VIEIRA DA SILVA|05816296558||10071992|1|3||1|29|2926301|BRA|0|||||||||||||
42||5000996|||3|2||||022018|0|0|0|0|0|0|0|0|0|1|0|0|||||0||||||1|1|0|0|0|0|0|0|0|0|0|0|0|||||||0|||||||||4040|2840
41||CAROLINE JESUS DOS SANTOS|06303611508||04081994|1|3||1|29|2910800|BRA|0|||||||||||||
42||1322700|||3|2||||022018|0|0|1|0|0|0|0|0|0|0|0|0|||||0||||||0||||||||||||0|||||||0|||||||||4300|0
41||LAVINIA DOS SANTOS SILVA|07474354560||02051997|0|3||1|29|2910800|BRA|0|||||||||||||
42||101842|||1|4||||022018|0|0|1|0|0|0|0|0|0|0|0|0|||||0||||||0||||||||||||0|||||||0|||||||||3880|0
41||MARIA DO SOCORRO PEREIRA|56276869520||28081971|1|3||1|29|2910800|BRA|0|||||||||||||
42||1322700|||3|4||||022018|0|0|1|0|0|0|0|0|0|0|0|0|||||0||||||0||||||||||||0|||||||0|||||||||4340|0
41||LASLLEY FREITAS DOS SANTOS|04301944559||27121988|0|3||1|29|2910800|BRA|0|||||||||||||
42||25014|||3|2||||022018|0|0|1|0|0|0|0|0|0|0|0|0|||||0||||||1|1|0|0|0|0|0|0|0|0|0|0|0|||||||0|||||||||3000|300
41||ALIRONE GOMES DE ALMEIDA JUNIOR|56066015591||03091973|0|3||1|29|2910800|BRA|0|||||||||||||
42||25014|||3|4||||022018|0|1|0|0|0|0|0|0|0|0|0|0|||||0||||||0||||||||||||0|||||||0|||||||||3000|0
41||BRENO DOUGLAS SOUZA ALVES|||27111999|0|0||1|29|2918407|BRA|0|||||||||||||
42||1303390|||4|4||||022018|0|0|1|0|0|0|0|0|0|0|0|0|||||0||||||0||||||||||||0|||||||0|||||||||4320|0
41||JOAO VITOR MARQUES OLIVEIRA|07539375574||07072000|0|3||1|29|2910800|BRA|0|||||||||||||
42||53331|||3|2||||022018|0|0|1|0|0|0|0|0|0|0|0|0|||||0||||||1|1|0|0|0|0|0|0|0|0|0|0|0|||||||0|||||||||2840|320
41||SARAH NILA FREITAS ARAUJO|05995896555||12042000|1|3||1|29|2914000|BRA|0|||||||||||||
42||1303390|||4|4||||012018|0|1|0|0|0|0|0|0|0|0|0|0|||||0||||||0||||||||||||0|||||||0|||||||||4320|0
42||80080|||3|4||||012018|2|1|0|0|0|0|0|0|0|0|0||||||0||||||0||||||||||||0|||||||0|||||||||3860|0
42||1303390|||4|4||||022018|0|1|0|0|0|0|0|0|0|0|0|0|||||0||||||0||||||||||||0|||||||0|||||||||4320|0
42||80080|||3|4||||022018|2|1|0|0|0|0|0|0|0|0|0||||||0||||||0||||||||||||0|||||||0|||||||||3860|0
41||LAIZ OLIVEIRA SANTOS MELO|03653858593||23051989|1|1||1|29|2910800|BRA|0|||||||||||||
42||1322700|||3|4||||022018|0|0|1|0|0|0|0|0|0|0|0|0|||||0||||||0||||||||||||0|||||||0|||||||||4300|0
41||ANJOLINA ARAUJO DE JESUS|07473658573||04011997|1|3||1|29|2910800|BRA|0|||||||||||||
42||5000996|||3|2||||022018|0|0|1|0|0|0|0|0|0|0|0|0|||||0||||||1|1|0|0|0|0|0|0|0|0|0|0|0|||||||0|||||||||3800|340
41||JAMILE SARA BRITO OLIVEIRA|05542429580||04091992|1|3||1|29|2927408|BRA|0|||||||||||||
42||1322700|||3|2||||022018|0|0|1|0|0|0|0|0|0|0|0|0|||||0||||||0||||||||||||0|||||||0|||||||||4300|0
41||ADRIELLE PINTO DE SOUZA|07510203546||13101998|1|3||1|29|2929909|BRA|0|||||||||||||
42||1303390|||4|2||||022018|0|0|1|0|0|0|0|0|0|0|0|0|||||0||||||0||||||||||||0|||||||0|||||||||4320|400
41||CARINE VITORIA LEMES FERREIRA|07491711545||22011999|1|3||1|29|2926301|BRA|0|||||||||||||
42||69062|||3|2||||022018|0|0|1|0|0|0|0|0|0|0|0|0|||||0||||||0||||||||||||0|||||||0|||||||||3800|0
41||MILENNA DE CASSIA CORDEIRO SANTOS|08434703564||11091999|1|3||1|29|2903276|BRA|0|||||||||||||
42||1303390|||4|2||||022018|0|0|1|0|0|0|0|0|0|0|0|0|||||0||||||0||||||||||||0|||||||0|||||||||4320|340
41||RAIANE GOMES DOS SANTOS|06567315598||20111995|1|3||1|29|2910800|BRA|0|||||||||||||
42||5000996|||3|2||||022018|0|0|1|0|0|0|0|0|0|0|0|0|||||0||||||1|1|0|0|0|0|0|0|0|0|0|0|0|||||||0|||||||||3800|340
41||SAMARA DE SOUZA SILVA|06780597562||30071994|1|3||1|29|2910800|BRA|0|||||||||||||
42||69062|||3|2||||022018|0|0|1|0|0|0|0|0|0|0|0|0|||||0||||||1|1|0|0|0|0|0|0|0|0|0|0|0|||||||0|||||||||3800|360
41||JAQUELINE BISPO DE AZEVEDO|03630375510||13011988|1|3||1|29|2908903|BRA|0|||||||||||||
42||18077|||3|2||||022018|0|0|1|0|0|0|0|0|0|0|0|0|||||0||||||1|1|0|0|0|0|0|0|0|0|0|0|0|||||||0|||||||||3000|300
41||CAROLAYNE DE JESUS DO CARMO|08454861521||08081998|1|3||1|29|2908507|BRA|0|||||||||||||
42||5000996|||3|2||||022018|0|0|1|0|0|0|0|0|0|0|0|0|||||0||||||1|1|0|0|0|0|0|0|0|0|0|0|0|||||||0|||||||||3800|340
41||DAVI CARVALHO DE OLIVEIRA|03526400571||21101996|0|3||1|29|2927408|BRA|0|||||||||||||
42||5000996|||3|4||||022018|0|1|0|0|0|0|0|0|0|0|0|0|||||0||||||1|1|0|0|0|0|0|0|0|0|0|0|0|||||||0|||||||||3800|1100
41||MATHEUS HENRIQUE FIGUEIREDO SILVA|04331041557||22031999|0|3||1|29|2919801|BRA|0|||||||||||||
42||5000996|||3|2||||022018|0|1|0|0|0|0|0|0|0|0|0|0|||||0||||||0||||||||||||0|||||||0|||||||||3800|340
41||AYALA MURTA NOVAIS|99085208572||27121977|1|3||1|29|2930501|BRA|0|||||||||||||
42||1303390|||4|2||||022018|0|0|1|0|0|0|0|0|0|0|0|0|||||0||||||1|1|0|0|0|0|0|0|0|0|0|0|0|||||||0|||||||||4320|320
41||LEYLLANY GRAZIELLY DAMASCENO COSTA|06071191360||15111994|1|3||1|29|2910800|BRA|0|||||||||||||
42||1322700|||3|2||||022018|0|1|0|0|0|0|0|0|0|0|0|0|||||0||||||0||||||||||||0|||||||0|||||||||4300|0
41||LAIANY CAROLINY SANTOS SANTANA E SANTANA|07711805519||30121999|1|3||1|29|2910800|BRA|0|||||||||||||
42||5000996|||3|2||||022018|0|0|1|0|0|0|0|0|0|0|0|0|||||0||||||1|1|0|0|0|0|0|0|0|0|0|0|0|||||||0|||||||||3800|300
41||ELLEN OLIVEIRA DA PAZ TAVARES|07902285560||03031999|1|3||1|29|2911600|BRA|0|||||||||||||
42||112532|||1|2||||022018|0|0|1|0|0|0|0|0|0|0|0|0|||||0||||||1|1|0|0|0|0|0|0|0|0|0|0|0|||||||0|||||||||4120|380
41||ALYSSON SANTOS OLIVEIRA|04168987507||19081989|0|3||1|29|2910800|BRA|0|||||||||||||
42||80080|||3|2||||022018|0|1|0|0|0|0|0|0|0|0|0|0|||||0||||||0||||||||||||0|||||||0|||||||||3860|340
41||RUTE DE JESUS CARDOSO|01113293535||18031979|1|3||1|29|2910800|BRA|0|||||||||||||
42||80080|||3|2||||022018|0|1|0|0|0|0|0|0|0|0|0|0|||||0||||||0||||||||||||0|||||||0|||||||||3860|0
41||UEDSON MESQUITA ALVES JUNIOR|02529868573||10091986|0|3||1|29|2917508|BRA|0|||||||||||||
42||5000996|||3|2||||022018|0|0|0|0|0|0|0|0|0|1|0|0|||||0||||||0||||||||||||0|||||||0|||||||||3800|320
41||DEIVISSON LIMA DO AGUIAR|06841225538||06041997|0|3||1|29|2918357|BRA|0|||||||||||||
42||101840|||3|2||||022018|0|0|1|0|0|0|0|0|0|0|0|0|||||0||||||0||||||||||||0|||||||0|||||||||3270|280
41||KAMILLA AZEVEDO SILVA|07640942543||13091997|1|3||1|29|2910800|BRA|0|||||||||||||
42||112532|||1|2||||022018|0|0|1|0|0|0|0|0|0|0|0|0|||||0||||||0||||||||||||0|||||||0|||||||||4120|380
41||FILIPE LEITE DOS SANTOS|05936248585||26061992|0|1||1|29|2910800|BRA|0|||||||||||||
42||101840|||3|4||||022018|0|0|1|0|0|0|0|0|0|0|0|0|||||0||||||0||||||||||||0|||||||0|||||||||3270|0
41||ITANE PIRES DA SILVA|08029355599||30052000|1|3||1|29|2914703|BRA|0|||||||||||||
42||1303390|||4|2||||022018|0|1|0|0|0|0|0|0|0|0|0|0|||||0||||||0||||||||||||0|||||||0|||||||||4320|340
41||ANDREIA DE OLIVEIRA SOUSA|83181881520||12061983|1|3||1|29|2922409|BRA|0|||||||||||||
42||1322700|||3|4||||022018|0|1|0|0|0|0|0|0|0|0|0|0|||||0||||||0||||||||||||0|||||||0|||||||||4300|940
41||WILKER DE VASCONCELOS FERREIRA|02785255550||28021988|0|3||1|29|2923209|BRA|0|||||||||||||
42||112532|||1|2||||022018|0|1|0|0|0|0|0|0|0|0|0|0|||||0||||||0||||||||||||0|||||||0|||||||||4120|2020
41||MILENA BARBOSA DA SILVA|02400985529||06101986|1|2||1|29|2917607|BRA|0|||||||||||||
42||25014|||3|2||||022018|0|0|1|0|0|0|0|0|0|0|0|0|||||0||||||0||||||||||||0|||||||0|||||||||3000|0
41||CARLINEIDE AZEVEDO DOS SANTOS|06453680599||06101990|1|2||1|29|2910800|BRA|0|||||||||||||
42||69062|||3|4||||022018|0|1|0|0|0|0|0|0|0|0|0|0|||||0||||||0||||||||||||0|||||||0|||||||||3800|0
41||CARLOS GABRIEL DE ALMEIDA DALTRO|06910886593||26011996|0|3||1|29|2910800|BRA|0|||||||||||||
42||87276|||3|2||||022018|0|0|1|0|0|0|0|0|0|0|0|0|||||0||||||0||||||||||||0|||||||0|||||||||3620|140
41||JULIANA DA CONCEICAO DE MATOS|07467104537||08091997|1|3||1|29|2929701|BRA|0|||||||||||||
42||1303390|||4|2||||022018|0|0|0|0|0|0|0|0|0|1|0|0|||||0||||||1|1|0|0|0|0|0|0|0|0|0|0|0|||||||0|||||||||4320|1160
41||MARCELO PEDRO DOS SANTOS|03184519481||10081978|0|3||1|27|2700300|BRA|0|||||||||||||
42||5000996|||3|2||||022018|0|0|0|0|0|0|0|0|0|1|0|0|||||0||||||0||||||||||||0|||||||0|||||||||3800|400
41||GENIVALDO COSTA DO NASCIMENTO|08070722576||26052000|0|3||1|29|2928307|BRA|0|||||||||||||
42||101842|||1|2||||022018|0|0|1|0|0|0|0|0|0|0|0|0|||||0||||||0||||||||||||0|||||||0|||||||||3900|320
41||NOEMIA MARQUES DOS SANTOS|07074889580||09071996|1|3||1|29|2910800|BRA|0|||||||||||||
42||112532|||1|2||||022018|0|0|1|0|0|0|0|0|0|0|0|0|||||0||||||1|0|0|0|0|0|1|0|0|0|0|0|0|||||||0|||||||||4120|380
41||CYBELE MIRANDA DA SILVA OLIVEIRA|93606907591||20041977|1|3||1|29|2910800|BRA|0|||||||||||||
42||1303390|||4|2||||022018|0|0|0|0|0|0|0|0|0|1|0|0|||||0||||||0||||||||||||0|||||||0|||||||||4320|1960
41||GESSICA DE LIMA SANTANA|06776403589||30051999|1|3||1|29|2910800|BRA|0|||||||||||||
42||112532|||1|2||||022018|0|0|1|0|0|0|0|0|0|0|0|0|||||0||||||0||||||||||||0|||||||0|||||||||4120|380
41||SAMARA SOUZA SANTOS|05813061550||20101990|1|3||1|29|2910800|BRA|0|||||||||||||
42||1303390|||4|2||||022018|0|0|0|0|0|0|0|0|0|1|0|0|||||0||||||0||||||||||||0|||||||0|||||||||4320|2040
41||IRGNE ARAUJO DOS SANTOS|08127895555||25071999|1|3||1|29|2933000|BRA|0|||||||||||||
42||112532|||1|4||||022018|0|0|1|0|0|0|0|0|0|0|0|0|||||0||||||1|0|0|0|0|0|1|0|0|0|0|0|0|||||||0|||||||||4120|0
41||RAVEL DE ALMEIDA BORGES CERQUEIRA|07758824536||26051999|1|3||1|29|2908903|BRA|0|||||||||||||
42||112532|||1|2||||022018|0|0|1|0|0|0|0|0|0|0|0|0|||||0||||||1|0|0|0|0|0|1|0|0|0|0|0|0|||||||0|||||||||4120|380
41||TIHARA RIOS LIMA|04684541525||24052000|1|3||1|29|2902609|BRA|0|||||||||||||
42||112532|||1|2||||022018|0|0|1|0|0|0|0|0|0|0|0|0|||||0||||||1|0|0|0|0|0|1|0|0|0|0|0|0|||||||0|||||||||4120|380
41||STEFANY MOREIRA CARVALHO LOBO|07504157546||03091999|1|3||1|29|2910800|BRA|0|||||||||||||
42||1303390|||4|2||||022018|0|0|1|0|0|0|0|0|0|0|0|0|||||0||||||1|0|0|0|0|0|1|0|0|0|0|0|0|||||||0|||||||||4320|640
41||FERNANDA MIDIA JESUS PEREIRA|07134328538||21051997|1|2||1|29|2910800|BRA|0|||||||||||||
42||1303390|||4|2||||022018|0|0|1|0|0|0|0|0|0|0|0|0|||||0||||||0||||||||||||0|||||||0|||||||||4320|400
41||MICHEL DAMASCENO BARRETO|28466722882||13081980|0|3||1|35|3550308|BRA|0|||||||||||||
42||5000996|||3|4||||022018|0|0|0|0|0|0|0|0|0|1|0|0|||||0||||||0||||||||||||0|||||||0|||||||||3800|0
41||DIEGO OLIVEIRA SILVA|05519000590||04051991|0|3||1|29|2910800|BRA|0|||||||||||||
42||87276|||3|2||||022018|0|0|1|0|0|0|0|0|0|0|0|0|||||0||||||1|0|0|0|0|0|1|0|0|0|0|0|0|||||||0|||||||||3620|0
41||BEATRIZ EMERICK|01410213145||12051999|1|1||1|29|2917706|BRA|0|||||||||||||
42||1303390|||4|2||||022018|0|0|1|0|0|0|0|0|0|0|0|0|||||0||||||1|1|0|0|0|0|0|0|0|0|0|0|0|||||||0|||||||||4320|320
41||DEISE LIRANNE SANTANA SILVA|04830730595||28091999|1|3||1|29|2914000|BRA|0|||||||||||||
42||87276|||3|2||||022018|0|0|1|0|0|0|0|0|0|0|0|0|||||0||||||1|0|0|0|0|0|1|0|0|0|0|0|0|||||||0|||||||||3620|280
41||JEZIMIEL SANTOS SILVA|00525110577||11011980|0|3||1|29|2910800|BRA|0|||||||||||||
42||87276|||3|2||||022018|0|0|1|0|0|0|0|0|0|0|0|0|||||0||||||1|0|0|0|0|0|1|0|0|0|0|0|0|||||||0|||||||||3620|140
41||ALAN MYCHELL GOMES MARINHO|02969112590||08021991|0|3||1|29|2910800|BRA|0|||||||||||||
42||87276|||3|2||||022018|0|0|1|0|0|0|0|0|0|0|0|0|||||0||||||1|0|0|0|0|0|1|0|0|0|0|0|0|||||||0|||||||||3620|280
41||MIZAEL MARQUES DOS SANTOS|07074884510||21101997|0|3||1|29|2910800|BRA|0|||||||||||||
42||80080|||3|2||||022018|0|0|1|0|0|0|0|0|0|0|0|0|||||0||||||1|0|0|0|0|0|1|0|0|0|0|0|0|||||||0|||||||||3860|340
41||MARCOS VINICIUS ALMEIDA MIRANDA|07716972529||12081999|0|3||1|29|2910800|BRA|0|||||||||||||
42||101842|||1|2||||022018|0|0|1|0|0|0|0|0|0|0|0|0|||||0||||||1|0|0|0|0|0|1|0|0|0|0|0|0|||||||0|||||||||3900|400
41||MATEUS SAMPAIO FERREIRA VASCONCELOS|85972221586||11052000|0|3||1|29|2910800|BRA|0|||||||||||||
42||101842|||1|2||||022018|0|0|1|0|0|0|0|0|0|0|0|0|||||0||||||1|0|0|0|0|0|1|0|0|0|0|0|0|||||||0|||||||||3900|340
41||EDUARDA DOS REIS SOUZA|08000871513||09021999|1|3||1|29|2901106|BRA|0|||||||||||||
42||101842|||1|2||||022018|0|0|1|0|0|0|0|0|0|0|0|0|||||0||||||1|0|0|0|0|0|1|0|0|0|0|0|0|||||||0|||||||||3900|360
41||RAILANA SANTANA DA CRUZ NASCIMENTO|08807986531||16011998|1|3||1|29|2909802|BRA|0|||||||||||||
42||101842|||1|2||||022018|0|0|1|0|0|0|0|0|0|0|0|0|||||0||||||1|0|0|0|0|0|1|0|0|0|0|0|0|||||||0|||||||||3900|400
41||CRISTIANE MOREIRA DA SILVA PINTO|91961629534||02091976|1|3||1|29|2910800|BRA|0|||||||||||||
42||5000996|||3|2||||022018|0|0|0|0|0|0|0|0|0|1|0|0|||||0||||||0||||||||||||0|||||||0|||||||||3800|460
41||RAISSA RAIELE DE MIRANDA ALMEIDA|07779081583||29121998|1|3||1|29|2908408|BRA|0|||||||||||||
42||1322700|||3|2||||022018|0|0|1|0|0|0|0|0|0|0|0|0|||||0||||||0||||||||||||0|||||||0|||||||||4300|1020
41||GEYSA FREITAS RIBEIRO|86113484513||30051998|1|3||1|29|2910800|BRA|0|||||||||||||
42||101840|||3|2||||022018|0|0|1|0|0|0|0|0|0|0|0|0|||||0||||||0||||||||||||0|||||||0|||||||||3270|360
41||FRANCISCLAUDIA LEITE MELO|84043709587||20071992|1|3||1|29|2910800|BRA|0|||||||||||||
42||101840|||3|2||||022018|0|0|1|0|0|0|0|0|0|0|0|0|||||0||||||1|0|0|0|0|0|1|0|0|0|0|0|0|||||||0|||||||||3270|280
41||ANDREIA BARRETO OLIVEIRA|05982084530||17091994|1|3||1|29|2910800|BRA|0|||||||||||||
42||1260546|||3|2||||022018|0|0|1|0|0|0|0|0|0|0|0|0|||||0||||||1|0|0|0|0|0|1|0|0|0|0|0|0|||||||0|||||||||3180|420
41||PAOLA DE OLIVEIRA BASTOS LIMA|08640729530||29032001|1|3||1|29|2902609|BRA|0|||||||||||||
42||1260546|||3|2||||022018|0|0|1|0|0|0|0|0|0|0|0|0|||||0||||||1|0|0|0|0|0|1|0|0|0|0|0|0|||||||0|||||||||3180|420
41||RAIANY PEREIRA DE JESUS|07172391527||13041998|1|3||1|29|2910800|BRA|0|||||||||||||
42||101840|||3|2||||022018|0|0|1|0|0|0|0|0|0|0|0|0|||||0||||||0||||||||||||0|||||||0|||||||||3270|360
41||CAROLINA BARBOSA LIMA DE ALMEIDA|06623071512||13091994|1|3||1|29|2910800|BRA|0|||||||||||||
42||5000996|||3|2||||022018|0|0|1|0|0|0|0|0|0|0|0|0|||||0||||||1|0|0|0|0|0|1|0|0|0|0|0|0|||||||0|||||||||3800|340
41||ROBSON QUEIROZ DO NASCIMENTO|04751270567||19011991|0|3||1|29|2910800|BRA|0|||||||||||||
42||5000996|||3|2||||022018|0|0|1|0|0|0|0|0|0|0|0|0|||||0||||||0||||||||||||0|||||||0|||||||||3800|340
41||INGREDY FABIANE GUSMAO DIAS DE SOUZA SILVA|06584612570||30101997|1|3||1|29|2910800|BRA|0|||||||||||||
42||5000996|||3|2||||022018|0|0|1|0|0|0|0|0|0|0|0|0|||||0||||||1|0|0|0|0|0|1|0|0|0|0|0|0|||||||0|||||||||3800|340
41||IAN DE ARAUJO LEAL|06638851594||11101994|0|3||1|29|2917508|BRA|0|||||||||||||
42||5000996|||3|2||||022018|0|0|1|0|0|0|0|0|0|0|0|0|||||0||||||1|0|0|0|0|0|1|0|0|0|0|0|0|||||||0|||||||||4040|2200
41||MATEUS ILTAMAR DUARTE DE SA|08023463594||27121999|0|3||1|29|2930501|BRA|0|||||||||||||
42||5000996|||3|2||||022018|0|0|1|0|0|0|0|0|0|0|0|0|||||0||||||0||||||||||||0|||||||0|||||||||3800|340
41||WILLIANE DE JESUS OLIVEIRA FREITAS|06728581502||26111999|1|3||1|29|2910800|BRA|0|||||||||||||
42||69062|||3|2||||022018|0|0|1|0|0|0|0|0|0|0|0|0|||||0||||||1|0|0|0|0|0|1|0|0|0|0|0|0|||||||0|||||||||3800|400
41||BRUNO SILVA CARVALHO|04532801532||06071990|0|3||1|29|2910800|BRA|0|||||||||||||
42||5001000|||3|2||||022018|0|0|0|0|0|0|0|0|0|1|0|0|||||0||||||0||||||||||||0|||||||0|||||||||2960|1480
41||ANDREZA LIMA PIRES|07551188550||11121997|1|3||1|29|2910800|BRA|0|||||||||||||
42||69062|||3|2||||022018|0|0|1|0|0|0|0|0|0|0|0|0|||||0||||||1|0|0|0|0|0|1|0|0|0|0|0|0|||||||0|||||||||3800|400
41||ALICE PEREIRA DOS SANTOS SOUZA|07632381554||08111996|1|3||1|29|2910800|BRA|0|||||||||||||
42||69062|||3|2||||022018|0|0|1|0|0|0|0|0|0|0|0|0|||||0||||||1|0|0|0|0|0|1|0|0|0|0|0|0|||||||0|||||||||3800|400
41||JOSENILSON DOS SANTOS DE JESUS|06285373523||16061993|0|3||1|29|2928604|BRA|0|||||||||||||
42||87276|||3|4||||022018|0|0|1|0|0|0|0|0|0|0|0|0|||||0||||||1|0|0|0|0|0|1|0|0|0|0|0|0|||||||0|||||||||3620|0
41||NADINE MACEDO GREENHALGH|06119009558||28111995|1|3||1|29|2930501|BRA|0|||||||||||||
42||1322700|||3|2||||022018|0|1|0|0|0|0|0|0|0|0|0|0|||||0||||||1|1|0|0|0|0|0|0|0|0|0|0|0|||||||0|||||||||4300|420
41||ELSON PAULO ARAUJO DA SILVA|05985219410||31051986|0|3||1|27|2704302|BRA|0|||||||||||||
42||5000996|||3|2||||022018|0|0|0|0|0|0|0|0|0|1|0|0|||||0||||||0||||||||||||0|||||||0|||||||||4040|1020
41||VITORIA OLIVEIRA GAMA|07845525502||29081998|1|3||1|29|2920106|BRA|0|||||||||||||
42||5000996|||3|2||||022018|0|0|0|0|0|0|0|0|0|1|0|0|||||0||||||0||||||||||||0|||||||0|||||||||4040|1100
41||MILENA CARDOSO COSTA|85966779503||29011995|1|3||1|29|2921708|BRA|0|||||||||||||
42||1303390|||4|2||||022018|0|0|1|0|0|0|0|0|0|0|0|0|||||0||||||1|1|0|0|0|0|0|0|0|0|0|0|0|||||||0|||||||||4320|320
41||ARIANE PORTO FREITAS|07398871570||17121996|1|3||1|29|2910800|BRA|0|||||||||||||
42||5000996|||3|2||||022018|0|0|1|0|0|0|0|0|0|0|0|0|||||0||||||1|1|0|0|0|0|0|0|0|0|0|0|0|||||||0|||||||||3800|240
41||LIZANDRA RODRIGUES DA SILVA|06775569505||06111999|1|3||1|29|2933059|BRA|0|||||||||||||
42||5000996|||3|2||||022018|0|0|1|0|0|0|0|0|0|0|0|0|||||0||||||0||||||||||||0|||||||0|||||||||3800|340
41||EDVANIA DA SILVA LEANDRO|06952034528||08021994|1|3||1|29|2929305|BRA|0|||||||||||||
42||25014|||3|4||||022018|0|0|1|0|0|0|0|0|0|0|0|0|||||0||||||0||||||||||||0|||||||0|||||||||3000|0
41||MICAELA DA CRUZ SOUZA CUNHA|13791188755||26071997|1|3||1|33|3304557|BRA|0|||||||||||||
42||25014|||3|2||||022018|0|0|0|0|0|0|0|0|0|1|0|0|||||0||||||0||||||||||||0|||||||0|||||||||3000|0
41||AYLA KAROLAYNE ROCHA DO NASCIMENTO CARDOSO|07567884550||06012000|1|3||1|29|2924603|BRA|0|||||||||||||
42||1260546|||3|2||||022018|0|1|0|0|0|0|0|0|0|0|0|0|||||0||||||0||||||||||||0|||||||0|||||||||3180|420
41||ANNA RAQUEL MOTA BARROS|86250939571||15031999|1|3||1|29|2910800|BRA|0|||||||||||||
42||1260546|||3|2||||022018|0|0|1|0|0|0|0|0|0|0|0|0|||||0||||||0||||||||||||0|||||||0|||||||||3180|420
41||FREDERSON RENAN MIRANDA DE OLIVEIRA|47647460854||06031997|0|3||1|29|2908408|BRA|0|||||||||||||
42||1303390|||4|2||||022018|0|0|1|0|0|0|0|0|0|0|0|0|||||0||||||1|1|0|0|0|0|0|0|0|0|0|0|0|||||||0|||||||||4320|400
41||KEILA THAISE DE JESUS SOARES|07130299517||17111997|1|3||1|29|2910800|BRA|0|||||||||||||
42||1260546|||3|2||||022018|0|0|1|0|0|0|0|0|0|0|0|0|||||0||||||1|1|0|0|0|0|0|0|0|0|0|0|0|||||||0|||||||||3180|360
41||ALCIONE DE JESUS RODRIGUES|04405324506||27051991|1|3||1|29|2910800|BRA|0|||||||||||||
42||69062|||3|2||||022018|0|0|1|0|0|0|0|0|0|0|0|0|||||0||||||1|1|0|0|0|0|0|0|0|0|0|0|0|||||||0|||||||||3800|960
41||SHEILA VERBENIA PALMEIRA BASTOS|05151437585||15121992|1|3||1|29|2910800|BRA|0|||||||||||||
42||25014|||3|2||||022018|0|0|1|0|0|0|0|0|0|0|0|0|||||0||||||1|1|0|0|0|0|0|0|0|0|0|0|0|||||||0|||||||||3000|240
41||IONICE ABADE CARVALHO|00885909500||14121981|1|3||1|29|2901106|BRA|0|||||||||||||
42||80080|||3|2||||022018|0|0|1|0|0|0|0|0|0|0|0|0|||||0||||||1|1|0|0|0|0|0|0|0|0|0|0|0|||||||0|||||||||3860|340
41||DAYANNE ESTEVAM FARIAS|86342154589||18081998|1|3||1|29|2910800|BRA|0|||||||||||||
42||5000996|||3|2||||022018|0|0|1|0|0|0|0|0|0|0|0|0|||||0||||||1|1|0|0|0|0|0|0|0|0|0|0|0|||||||0|||||||||3800|60
41||LIZANDRA VITORIA DA SILVEIRA SAMPAIO|07069127561||19061996|1|3||1|29|2904308|BRA|0|||||||||||||
42||5000996|||3|2||||022018|0|0|1|0|0|0|0|0|0|0|0|0|||||0||||||1|1|0|0|0|0|0|0|0|0|0|0|0|||||||0|||||||||3800|280
41||LUCAS MAIA DA PAIXAO|07087482521||18111995|0|3||1|29|2910800|BRA|0|||||||||||||
42||69062|||3|2||||022018|0|0|1|0|0|0|0|0|0|0|0|0|||||0||||||1|1|0|0|0|0|0|0|0|0|0|0|0|||||||0|||||||||3800|360
41||VINICIUS SANTOS SILVA|08860466539||08061997|0|3||1|29|2910800|BRA|0|||||||||||||
42||5000996|||3|2||||022018|0|0|1|0|0|0|0|0|0|0|0|0|||||0||||||1|1|0|0|0|0|0|0|0|0|0|0|0|||||||0|||||||||3800|180
41||WALQUIRIA PINTO LISBOA|03560581079||10021995|1|3||1|29|2910800|BRA|0|||||||||||||
42||25014|||3|2||||022018|0|0|1|0|0|0|0|0|0|0|0|0|||||0||||||1|1|0|0|0|0|0|0|0|0|0|0|0|||||||0|||||||||3000|240
41||MAIKE SANTOS ALVES|06126558570||23091993|0|3||1|29|2910800|BRA|0|||||||||||||
42||5000996|||3|2||||022018|0|0|1|0|0|0|0|0|0|0|0|0|||||0||||||1|1|0|0|0|0|0|0|0|0|0|0|0|||||||0|||||||||3800|340
41||MICHELE SILVA MOTA|06642510569||24061994|1|3||1|29|2910800|BRA|0|||||||||||||
42||25014|||3|2||||022018|0|0|1|0|0|0|0|0|0|0|0|0|||||0||||||1|1|0|0|0|0|0|0|0|0|0|0|0|||||||0|||||||||3000|180
41||MARIA EDUARDA ISRAEL TEIXEIRA|07776301507||24032000|1|3||1|29|2930501|BRA|0|||||||||||||
42||69062|||3|2||||022018|0|0|1|0|0|0|0|0|0|0|0|0|||||0||||||1|1|0|0|0|0|0|0|0|0|0|0|0|||||||0|||||||||3800|360
41||PATRICIA SOUZA DA SILVA SANTOS DE SA|06192078505||19101992|1|3||1|29|2910800|BRA|0|||||||||||||
42||25014|||3|4||||022018|0|0|1|0|0|0|0|0|0|0|0|0|||||0||||||1|1|0|0|0|0|0|0|0|0|0|0|0|||||||0|||||||||3000|0
41||BEATRIZ LIMA BAHIA ALMEIDA|07698339505||20041999|1|2||1|29|2910800|BRA|0|||||||||||||
42||101842|||1|2||||022018|0|0|1|0|0|0|0|0|0|0|0|0|||||0||||||0||||||||||||0|||||||0|||||||||3900|0
41||RAFAEL PINHO DA SILVA|06480661508||28041994|0|3||1|29|2910800|BRA|0|||||||||||||
42||1260546|||3|2||||022018|0|1|0|0|0|0|0|0|0|0|0|0|||||0||||||0||||||||||||0|||||||0|||||||||3180|420
42||80080|||1|2||||022018|2|1|0|0|0|0|0|0|0|0|0||||||0||||||0||||||||||||0|||||||0|||||||||3860|420
41||TAIZ DOS REIS SANTOS SOUZA|05967609571||17081993|1|3||1|29|2908200|BRA|0|||||||||||||
42||5000996|||3|2||||022018|0|0|1|0|0|0|0|0|0|0|0|0|||||0||||||1|1|0|0|0|0|0|0|0|0|0|0|0|||||||0|||||||||3800|420
41||LAUAN OLIVEIRA DA SILVA|06429435598||06061999|0|3||1|29|2929370|BRA|0|||||||||||||
42||5000996|||3|4||||022018|0|0|1|0|0|0|0|0|0|0|0|0|||||0||||||0||||||||||||0|||||||0|||||||||3800|0
41||THIAGO DA SILVA NOVAES|07076861569||29071999|0|3||1|29|2910800|BRA|0|||||||||||||
42||5000996|||3|2||||022018|0|0|1|0|0|0|0|0|0|0|0|0|||||0||||||1|1|0|0|0|0|0|0|0|0|0|0|0|||||||0|||||||||3800|340
41||MARCIA LUISA SOUZA PIMENTA DE MELO|07462260557||03071998|1|3||1|29|2910800|BRA|0|||||||||||||
42||101840|||1|2||||022018|0|0|1|0|0|0|0|0|0|0|0|0|||||0||||||0||||||||||||0|||||||0|||||||||3270|360
41||POLIANA DA CONCEICAO PONTES|15115505703||23091994|1|3||1|33|3304557|BRA|0|||||||||||||
42||5000996|||3|2||||022018|0|0|0|0|0|0|0|0|0|1|0|0|||||0||||||0||||||||||||0|||||||0|||||||||3800|880
41||DIMAS GOMES FONSECA JUNIOR|07360640520||26111996|0|3||1|29|2910800|BRA|0|||||||||||||
42||87276|||3|2||||022018|0|0|0|0|0|0|0|0|0|1|0|0|||||0||||||0||||||||||||0|||||||0|||||||||3620|160
41||JONAS JESUS DA ANUNCIACAO|06979762540||22071996|0|3||1|29|2910800|BRA|0|||||||||||||
42||5001000|||3|2||||022018|0|0|0|0|0|0|0|0|0|1|0|0|||||0||||||1|1|0|0|0|0|0|0|0|0|0|0|0|||||||0|||||||||2960|780
41||LAIARA MOTTA DA SILVA BARBOSA COLOMBINI|01675943540||30121984|1|3||1|29|2910800|BRA|0|||||||||||||
42||101840|||3|2||||022018|0|1|0|0|0|0|0|0|0|0|0|0|||||0||||||0||||||||||||0|||||||0|||||||||3270|280
41||PAULO FRANCISCO GOES DOS SANTOS JUNIOR|06965499567||17071995|0|3||1|29|2910800|BRA|0|||||||||||||
42||112532|||1|2||||022018|0|0|0|0|0|0|0|0|0|1|0|0|||||0||||||1|1|0|0|0|0|0|0|0|0|0|0|0|||||||0|||||||||4120|0
41||ANA PAULA SANTOS RIBEIRO|05221353580||05121991|1|3||1|29|2910800|BRA|0|||||||||||||
42||87276|||3|2||||022018|0|1|0|0|0|0|0|0|0|0|0|0|||||0||||||0||||||||||||0|||||||0|||||||||3620|140
41||DAIANY DE OLIVEIRA ARAUJO|07101464505||01031997|1|3||1|29|2933000|BRA|0|||||||||||||
42||101842|||1|2||||022018|0|0|0|0|0|0|0|0|0|1|0|0|||||0||||||1|1|0|0|0|0|0|0|0|0|0|0|0|||||||0|||||||||3880|1040
41||RONISE SAANE SOUSA DA SILVA|00069619590||28091980|1|3||1|29|2917508|BRA|0|||||||||||||
42||5000996|||3|2||||022018|0|0|0|0|0|0|0|0|0|1|0|0|||||0||||||0||||||||||||0|||||||0|||||||||3800|460
41||CASSIANE JESUS DE ASSIS|08439300557||13111999|1|3||1|29|2910800|BRA|0|||||||||||||
42||101842|||3|2||||022018|0|0|0|0|0|0|0|0|0|1|0|0|||||0||||||1|1|0|0|0|0|0|0|0|0|0|0|0|||||||0|||||||||3880|180
41||GLENDA KAROLLINE ARAUJO|07463921506||11051997|1|2||1|29|2910800|BRA|0|||||||||||||
42||101842|||1|4||||022018|0|0|1|0|0|0|0|0|0|0|0|0|||||0||||||0||||||||||||0|||||||0|||||||||3900|0
41||HENDELL BASTOS SILVA|87678357591||14101975|0|3||1|29|2910800|BRA|0|||||||||||||
42||112532|||1|2||||022018|0|0|0|0|0|0|0|0|0|1|0|0|||||0||||||0||||||||||||0|||||||0|||||||||4120|640
41||CLEDSON PEREIRA CARVALHO|77922514549||24071977|1|3||1|29|2910800|BRA|0|||||||||||||
42||25014|||3|2||||022018|0|1|0|0|0|0|0|0|0|0|0|0|||||0||||||0||||||||||||0|||||||0|||||||||3000|0
41||DENIS DA CONCEICAO FERREIRA|02214550518||20031985|0|3||1|29|2910800|BRA|0|||||||||||||
42||53331|||3|4||||022018|0|0|1|0|0|0|0|0|0|0|0|0|||||0||||||1|1|0|0|0|0|0|0|0|0|0|0|0|||||||0|||||||||2840|0
41||JESSICA DE OLIVEIRA SANTOS|02850667579||17091996|1|3||1|29|2910800|BRA|0|||||||||||||
42||5001000|||3|2||||022018|0|1|0|0|0|0|0|0|0|0|0|0|||||0||||||0||||||||||||0|||||||0|||||||||2960|240
41||RONALDO GONZAGA DE SOUZA|96616210553||27071977|0|3||1|29|2910800|BRA|0|||||||||||||
42||80080|||3|2||||022018|0|0|1|0|0|0|0|0|0|0|0|0|||||0||||||0||||||||||||0|||||||0|||||||||3860|0
41||GABRIEL ARAUJO REIS|04703548526||30081993|0|3||1|29|2927408|BRA|0|||||||||||||
42||112532|||1|2||||022018|0|0|0|0|0|0|0|0|0|1|0|0|||||0||||||1|1|0|0|0|0|0|0|0|0|0|0|0|||||||0|||||||||4780|2140
41||CLELIA CRISTINA DA SILVA MENEZES|79939724500||05091974|1|3||1|29|2928307|BRA|0|||||||||||||
42||5000996|||3|2||||022018|0|0|0|0|0|0|0|0|0|1|0|0|||||0||||||0||||||||||||0|||||||0|||||||||3800|260
41||MOEMA DE OLIVEIRA SILVA|01666333565||14091989|1|3||1|29|2927408|BRA|0|||||||||||||
42||80080|||3|2||||022018|0|1|0|0|0|0|0|0|0|0|0|0|||||0||||||0||||||||||||0|||||||0|||||||||3860|120
41||JOSENILSON SOUZA DA CONCEICAO|01351887505||21081985|0|3||1|29|2910800|BRA|0|||||||||||||
42||5000996|||3|2||||022018|0|0|0|0|0|0|0|0|0|1|0|0|||||0||||||0||||||||||||0|||||||0|||||||||3800|440
41||JEEVES MATHEUS ANDRADE PEREIRA|07620561501||08071999|0|3||1|29|2902104|BRA|0|||||||||||||
42||18077|||3|4||||022018|0|0|1|0|0|0|0|0|0|0|0|0|||||0||||||0||||||||||||0|||||||0|||||||||3000|0
41||TAINA TRINDADE DE JESUS|06979023586||13061995|1|0||1|29|2931905|BRA|0|||||||||||||
42||80080|||3|4||||022018|0|0|0|0|0|0|0|0|0|1|0|0|||||0||||||0||||||||||||0|||||||0|||||||||3800|0
41||ISABELLA DE OLIVEIRA GOMES|04257262583||20111997|1|1||1|29|2910800|BRA|0|||||||||||||
42||1303390|||4|4||||022018|0|0|1|0|0|0|0|0|0|0|0|0|||||0||||||0||||||||||||0|||||||0|||||||||4320|0
41||TAMIRES SANTOS DE SANTANA|07437555530||16081998|1|3||1|29|2910800|BRA|0|||||||||||||
42||112532|||1|2||||022018|0|0|1|0|0|0|0|0|0|0|0|0|||||0||||||0||||||||||||0|||||||0|||||||||4120|40
41||SAMARA SILVA DE ALMEIDA|06158058505||23011994|1|3||1|29|2910800|BRA|0|||||||||||||
42||1303390|||4|4||||022018|0|0|1|0|0|0|0|0|0|0|0|0|||||0||||||0||||||||||||0|||||||0|||||||||4320|0
41||INGRED HELOISA FEITOSA DE CASTRO|07731465551||28021999|1|4||1|29|2910800|BRA|0|||||||||||||
42||1303390|||4|2||||022018|0|0|1|0|0|0|0|0|0|0|0|0|||||0||||||0||||||||||||0|||||||0|||||||||4320|0
41||ADRIANE BORGES GOES OLIVEIRA|01720895570||09111985|1|3||1|29|2908507|BRA|0|||||||||||||
42||69062|||3|2||||022018|0|1|0|0|0|0|0|0|0|0|0|0|||||0||||||0||||||||||||0|||||||0|||||||||3800|280
41||RONICLEIA CALISTA PIRES|05801912576||05011992|1|3||1|29|2918357|BRA|0|||||||||||||
42||80080|||3|2||||022018|0|0|0|0|0|0|0|0|0|1|0|0|||||0||||||1|1|0|0|0|0|0|0|0|0|0|0|0|||||||0|||||||||3800|3220
41||GESSIKA DA CRUZ SANTOS SILVA|05113961558||13081991|1|3||1|29|2910800|BRA|0|||||||||||||
42||5001000|||3|4||||022018|0|0|0|0|0|0|0|0|0|1|0|0|||||0||||||0||||||||||||0|||||||0|||||||||2960|860
41||DEISE CONCEICAO LINS|05431434578||17011994|1|3||1|29|2901106|BRA|0|||||||||||||
42||87276|||3|2||||022018|0|0|1|0|0|0|0|0|0|0|0|0|||||0||||||0||||||||||||0|||||||0|||||||||3620|280
41||ISABELA CARVALHO DE LIMA|01923613502||13011985|1|0||1|29|2910800|BRA|0|||||||||||||
42||18077|||3|2||||022018|0|0|1|0|0|0|0|0|0|0|0|0|||||0||||||0||||||||||||0|||||||0|||||||||3000|0
41||NICLEIA  SOUZA RIOS|05510164506||01121991|1|3||1|29|2910800|BRA|0|||||||||||||
42||1260546|||3|2||||022018|0|0|1|0|0|0|0|0|0|0|0|0|||||0||||||1|1|0|0|0|0|0|0|0|0|0|0|0|||||||0|||||||||3180|420
41||LUCINARA FERREIRA ALVES|05287780567||27081996|1|2||1|29|2910800|BRA|0|||||||||||||
42||87276|||3|2||||022018|0|0|1|0|0|0|0|0|0|0|0|0|||||0||||||0||||||||||||0|||||||0|||||||||3620|140
41||SHEILA DOS SANTOS COSTA DE SOUZA|84301031553||05101987|1|3||1|29|2927408|BRA|0|||||||||||||
42||5000996|||3|2||||022018|0|1|0|0|0|0|0|0|0|0|0|0|||||0||||||0||||||||||||0|||||||0|||||||||3800|820
41||LUCIANE DA SILVA CERQUEIRA|08310562586||21071997|1|3||1|13|1302603|BRA|0|||||||||||||
42||1303390|||4|2||||022018|0|0|0|0|0|0|0|0|0|1|0|0|||||0||||||1|1|0|0|0|0|0|0|0|0|0|0|0|||||||0|||||||||4320|720
41||ALAN SILVA E SILVA|06359939533||03111994|0|2||1|29|2910800|BRA|0|||||||||||||
42||87276|||3|2||||022018|0|0|1|0|0|0|0|0|0|0|0|0|||||0||||||0||||||||||||0|||||||0|||||||||3620|0
41||NATALY LIMA DA SILVA|06900419500||25121994|1|3||1|29|2908507|BRA|0|||||||||||||
42||5001000|||3|2||||022018|0|0|1|0|0|0|0|0|0|0|0|0|||||0||||||1|1|0|0|0|0|0|0|0|0|0|0|0|||||||0|||||||||2960|240
41||RENATA DA SILVA CERQUEIRA|86026293540||01121996|1|3||1|29|2914505|BRA|0|||||||||||||
42||1322700|||3|2||||022018|0|0|1|0|0|0|0|0|0|0|0|0|||||0||||||1|1|0|0|0|0|0|0|0|0|0|0|0|||||||0|||||||||4300|420
41||ANDERSON NASCIMENTO DA SILVA|01624597505||01021983|0|2||1|29|2910800|BRA|0|||||||||||||
42||1322700|||3|2||||022018|0|1|0|0|0|0|0|0|0|0|0|0|||||0||||||0||||||||||||0|||||||0|||||||||4340|240
41||RAINE LIMA MASCARENHAS|08264772595||29031999|1|3||1|29|2926301|BRA|0|||||||||||||
42||69062|||3|2||||022018|0|0|1|0|0|0|0|0|0|0|0|0|||||0||||||0||||||||||||0|||||||0|||||||||3800|220
41||TIAGO DA SILVA BRITO|02272217532||31011987|0|3||1|29|2910800|BRA|0|||||||||||||
42||1322700|||3|2||||022018|0|0|1|0|0|0|0|0|0|0|0|0|||||0||||||0||||||||||||0|||||||0|||||||||4300|420
41||FRANCINE MILITAO DOS SANTOS|07473629557||25051999|1|3||1|29|2926103|BRA|0|||||||||||||
42||69062|||3|2||||022018|0|0|1|0|0|0|0|0|0|0|0|0|||||0||||||1|1|0|0|0|0|0|0|0|0|0|0|0|||||||0|||||||||3800|400
41||BIANCA DANTAS RAMOS|05287555520||11051998|1|3||1|29|2927408|BRA|0|||||||||||||
42||18077|||3|4||||022018|0|0|1|0|0|0|0|0|0|0|0|0|||||0||||||0||||||||||||0|||||||0|||||||||3000|0
41||MATHEUS RANGEL RIBEIRO|02259034586||01051986|0|3||1|29|2910800|BRA|0|||||||||||||
42||5000996|||3|2||||022018|0|0|0|0|0|0|0|0|0|1|0|0|||||0||||||0||||||||||||0|||||||0|||||||||3800|660
41||LUANA FERREIRA FORTUNATO|07421773517||21121996|1|2||1|29|2910800|BRA|0|||||||||||||
42||87276|||3|2||||022018|0|0|1|0|0|0|0|0|0|0|0|0|||||0||||||0||||||||||||0|||||||0|||||||||3620|0
41||ROBERTA SOUSA SILVA ALVES|00519678559||26111983|1|3||1|29|2910800|BRA|0|||||||||||||
42||5001000|||3|2||||022018|0|1|0|0|0|0|0|0|0|0|0|0|||||0||||||0||||||||||||0|||||||0|||||||||2960|280
41||AMANDA VITORIA SENA COSTA|07543974592||04061996|1|3||1|29|2910800|BRA|0|||||||||||||
42||1303390|||4|2||||022018|0|1|0|0|0|0|0|0|0|0|0|0|||||0||||||0||||||||||||0|||||||0|||||||||4320|0
41||CINARA SANTOS MACEDO|95262172504||22081979|1|3||1|29|2910800|BRA|0|||||||||||||
42||1303390|||4|2||||022018|0|0|0|0|0|0|0|0|0|1|0|0|||||0||||||1|1|0|0|0|0|0|0|0|0|0|0|0|||||||0|||||||||4320|60
41||FELIPE NERI FERNANDES DE OLIVEIRA JUNIOR|06920393506||17011996|0|3||1|29|2910800|BRA|0|||||||||||||
42||69062|||3|2||||022018|0|1|0|0|0|0|0|0|0|0|0|0|||||0||||||0||||||||||||0|||||||0|||||||||3800|0
41||RAPHAEL BARRETO VILAS BOAS LIMA|06986400551||09011997|0|3||1|29|2910800|BRA|0|||||||||||||
42||5001000|||3|2||||022018|0|1|0|0|0|0|0|0|0|0|0|0|||||0||||||0||||||||||||0|||||||0|||||||||2960|220
41||AMEDEO VIANALE|74285610191||08081960|0|3||1|29|2910800|BRA|0|||||||||||||
42||101842|||1|2||||022018|0|0|0|0|0|0|0|0|0|1|0|0|||||0||||||0||||||||||||0|||||||0|||||||||4220|2680
41||KAIO MEIRELES FERREIRA RODRIGUES|01063981565||30051996|0|3||1|29|2910727|BRA|0|||||||||||||
42||87276|||3|2||||022018|0|0|0|0|0|0|0|0|0|1|0|0|||||0||||||0||||||||||||0|||||||0|||||||||3620|420
41||VITORIA MARIA TENORIO NOVAIS|05523606510||15021998|1|3||1|29|2927408|BRA|0|||||||||||||
42||5000996|||3|2||||022018|0|0|0|0|0|0|0|0|0|1|0|0|||||0||||||0||||||||||||0|||||||0|||||||||4040|760
41||JESSICA DE JESUS CONCEICAO|05084953505||14061995|1|2||1|29|2910800|BRA|0|||||||||||||
42||69062|||3|4||||022018|0|1|0|0|0|0|0|0|0|0|0|0|||||0||||||0||||||||||||0|||||||0|||||||||3800|0
